Time	Node	AppId	SeqNo	Type	DelayS	DelayUS	RetxCount	HopCount
1.05691	16	1	38	LastDelay	0.0569116	56911.6	1	12
1.05691	16	1	38	FullDelay	0.0569116	56911.6	1	12
1.06772	16	1	3	LastDelay	0.0667524	66752.4	1	12
1.06772	16	1	3	FullDelay	0.0667524	66752.4	1	12
1.08819	17	1	48	LastDelay	0.088192	88192	1	12
1.08819	17	1	48	FullDelay	0.088192	88192	1	12
1.24098	16	1	192	LastDelay	0.239828	239828	1	12
1.24098	16	1	192	FullDelay	0.239828	239828	1	12
1.2818	17	1	53	LastDelay	0.281614	281614	1	12
1.2818	17	1	53	FullDelay	0.281614	281614	1	12
1.32898	16	1	430	LastDelay	0.323743	323743	1	12
1.32898	16	1	430	FullDelay	0.323743	323743	1	12
1.34813	16	1	191	LastDelay	0.336006	336006	1	12
1.34813	16	1	191	FullDelay	0.336006	336006	1	12
1.36419	16	1	18	LastDelay	0.0588922	58892.2	1	12
1.36419	16	1	18	FullDelay	0.351128	351128	3	12
1.36419	17	1	18	LastDelay	0.173775	173775	1	12
1.36419	17	1	18	FullDelay	0.173775	173775	1	12
1.3884	17	1	388	LastDelay	0.386194	386194	1	12
1.3884	17	1	388	FullDelay	0.386194	386194	1	12
2.4144	16	1	9	LastDelay	0.0139561	13956.1	1	12
2.4144	16	1	9	FullDelay	1.39529	1.39529e+06	11	12
2.4144	17	1	9	LastDelay	0.0826173	82617.3	1	12
2.4144	17	1	9	FullDelay	1.28093	1.28093e+06	3	12
2.65712	17	1	404	LastDelay	0.634557	634557	1	12
2.65712	17	1	404	FullDelay	0.634557	634557	1	12
2.69582	17	1	414	LastDelay	0.530232	530232	1	12
2.69582	17	1	414	FullDelay	0.530232	530232	1	12
2.78406	17	1	39	LastDelay	0.0316662	31666.2	1	12
2.78406	17	1	39	FullDelay	1.46756	1.46756e+06	3	12
2.84096	16	1	1	LastDelay	0.023235	23235	1	12
2.84096	16	1	1	FullDelay	1.80272	1.80272e+06	21	12
2.84096	17	1	1	LastDelay	0.19085	190850	1	12
2.84096	17	1	1	FullDelay	1.82785	1.82785e+06	24	12
2.98474	17	1	21	LastDelay	0.445413	445413	1	12
2.98474	17	1	21	FullDelay	1.47368	1.47368e+06	3	12
3.18746	16	1	11	LastDelay	0.0390113	39011.3	1	12
3.18746	16	1	11	FullDelay	1.77602	1.77602e+06	4	12
3.18746	17	1	11	LastDelay	0.806938	806938	1	12
3.18746	17	1	11	FullDelay	2.16779	2.16779e+06	5	12
3.28152	17	1	193	LastDelay	0.445115	445115	1	12
3.28152	17	1	193	FullDelay	2.02447	2.02447e+06	3	12
3.30371	16	1	79	LastDelay	0.684466	684466	1	12
3.30371	16	1	79	FullDelay	0.684466	684466	1	12
3.31914	16	1	9	LastDelay	0.64063	640630	1	12
3.31914	16	1	9	FullDelay	0.886565	886565	3	12
3.31914	17	1	9	LastDelay	0.275968	275968	1	12
3.31914	17	1	9	FullDelay	0.275968	275968	1	12
3.36838	17	1	15	LastDelay	0.00142396	1423.96	1	12
3.36838	17	1	15	FullDelay	2.34329	2.34329e+06	8	12
3.50595	16	1	34	LastDelay	0.0840635	84063.5	1	12
3.50595	16	1	34	FullDelay	1.85095	1.85095e+06	6	12
3.50595	17	1	34	LastDelay	0.127447	127447	1	12
3.50595	17	1	34	FullDelay	2.46949	2.46949e+06	6	12
3.52856	16	1	71	LastDelay	0.0151525	15152.5	1	12
3.52856	16	1	71	FullDelay	2.4495	2.4495e+06	5	12
3.59154	16	1	76	LastDelay	0.0680939	68093.9	1	12
3.59154	16	1	76	FullDelay	2.31543	2.31543e+06	4	12
3.59154	17	1	76	LastDelay	0.183437	183437	1	12
3.59154	17	1	76	FullDelay	2.54987	2.54987e+06	4	12
3.67162	16	1	72	LastDelay	0.153721	153721	1	12
3.67162	16	1	72	FullDelay	2.59155	2.59155e+06	6	12
3.94653	16	1	277	LastDelay	0.17608	176080	1	12
3.94653	16	1	277	FullDelay	2.86273	2.86273e+06	3	12
3.97041	16	1	237	LastDelay	0.229664	229664	1	12
3.97041	16	1	237	FullDelay	2.04868	2.04868e+06	2	12
3.97041	17	1	237	LastDelay	0.385724	385724	1	12
3.97041	17	1	237	FullDelay	2.92128	2.92128e+06	4	12
3.97958	17	1	991	LastDelay	0.954899	954899	1	12
3.97958	17	1	991	FullDelay	2.92785	2.92785e+06	2	12
4.08109	16	1	232	LastDelay	0.353615	353615	1	12
4.08109	16	1	232	FullDelay	2.9903	2.9903e+06	3	12
4.09233	16	1	73	LastDelay	0.573873	573873	1	12
4.09233	16	1	73	FullDelay	2.99808	2.99808e+06	3	12
4.2298	16	1	85	LastDelay	0.690557	690557	1	12
4.2298	16	1	85	FullDelay	3.10796	3.10796e+06	2	12
4.36379	16	1	455	LastDelay	0.473088	473088	1	12
4.36379	16	1	455	FullDelay	3.26833	3.26833e+06	3	12
4.36379	17	1	455	LastDelay	0.664025	664025	1	12
4.36379	17	1	455	FullDelay	2.78328	2.78328e+06	2	12
4.50901	16	1	284	LastDelay	0.728334	728334	1	12
4.50901	16	1	284	FullDelay	2.57188	2.57188e+06	2	12
4.52414	16	1	520	LastDelay	0.595607	595607	1	12
4.52414	16	1	520	FullDelay	3.42438	3.42438e+06	2	12
5.01865	16	1	1	LastDelay	0.00636415	6364.15	1	12
5.01865	16	1	1	FullDelay	2.15618	2.15618e+06	17	12
5.01865	17	1	1	LastDelay	0.0171793	17179.3	1	12
5.01865	17	1	1	FullDelay	1.89287	1.89287e+06	24	12
5.37767	17	1	3	LastDelay	0.271143	271143	1	12
5.37767	17	1	3	FullDelay	4.08083	4.08083e+06	19	12
5.94765	17	1	335	LastDelay	0.181383	181383	1	12
5.94765	17	1	335	FullDelay	0.181383	181383	1	12
6.13543	16	1	7	LastDelay	0.0591747	59174.7	1	12
6.13543	16	1	7	FullDelay	4.91027	4.91027e+06	22	12
6.38525	16	1	3	LastDelay	0.0999127	99912.7	1	12
6.38525	16	1	3	FullDelay	5.25998	5.25998e+06	34	12
6.38525	17	1	3	LastDelay	0.797123	797123	1	12
6.38525	17	1	3	FullDelay	0.955476	955476	6	12
6.47992	16	1	8	LastDelay	0.0255075	25507.5	1	12
6.47992	16	1	8	FullDelay	4.86388	4.86388e+06	13	12
6.5564	16	1	1	LastDelay	0.108111	108111	1	12
6.5564	16	1	1	FullDelay	1.23164	1.23164e+06	24	12
6.75751	17	1	196	LastDelay	0.263052	263052	1	12
6.75751	17	1	196	FullDelay	5.71415	5.71415e+06	6	12
6.838	16	1	7	LastDelay	0.134976	134976	1	12
6.838	16	1	7	FullDelay	0.484092	484092	4	12
6.8891	16	1	18	LastDelay	0.182822	182822	1	12
6.8891	16	1	18	FullDelay	4.07161	4.07161e+06	7	12
6.8891	17	1	18	LastDelay	0.872209	872209	1	12
6.8891	17	1	18	FullDelay	5.08909	5.08909e+06	10	12
7.03915	16	1	4	LastDelay	0.71771	717710	1	12
7.03915	16	1	4	FullDelay	5.69579	5.69579e+06	28	12
7.07353	16	1	10	LastDelay	0.332905	332905	1	12
7.07353	16	1	10	FullDelay	5.71302	5.71302e+06	9	12
10.4341	17	1	286	LastDelay	0.854174	854174	1	12
10.4341	17	1	286	FullDelay	9.05352	9.05352e+06	6	12
13.9164	17	1	859	LastDelay	0.738603	738603	1	12
13.9164	17	1	859	FullDelay	8.91069	8.91069e+06	5	12
14.0202	16	1	298	LastDelay	0.959528	959528	1	12
14.0202	16	1	298	FullDelay	0.959528	959528	1	12
14.118	16	1	33	LastDelay	0.176231	176231	1	12
14.118	16	1	33	FullDelay	12.0016	1.20016e+07	18	12
14.118	17	1	33	LastDelay	0.102283	102283	1	12
14.118	17	1	33	FullDelay	13.0281	1.30281e+07	18	12
14.1744	16	1	173	LastDelay	0.830369	830369	1	12
14.1744	16	1	173	FullDelay	5.72237	5.72237e+06	2	12
14.2514	16	1	8	LastDelay	0.17027	170270	1	12
14.2514	16	1	8	FullDelay	7.10913	7.10913e+06	20	12
14.2514	17	1	8	LastDelay	0.127557	127557	1	12
14.2514	17	1	8	FullDelay	13.0639	1.30639e+07	31	12
14.5616	17	1	8	LastDelay	0.00723217	7232.17	1	12
14.5616	17	1	8	FullDelay	0.00723217	7232.17	1	12
17.5771	16	1	3	LastDelay	0.114141	114141	1	12
17.5771	16	1	3	FullDelay	11.1258	1.11258e+07	48	12
17.5771	17	1	3	LastDelay	0.2078	207800	1	12
17.5771	17	1	3	FullDelay	9.66413	9.66413e+06	39	12
17.7094	16	1	148	LastDelay	0.0276242	27624.2	1	12
17.7094	16	1	148	FullDelay	10.4121	1.04121e+07	6	12
17.7351	17	1	321	LastDelay	0.0684774	68477.4	1	12
17.7351	17	1	321	FullDelay	14.5615	1.45615e+07	7	12
17.7783	16	1	34	LastDelay	0.569313	569313	1	12
17.7783	16	1	34	FullDelay	13.1346	1.31346e+07	12	12
17.7783	17	1	34	LastDelay	0.432411	432411	1	12
17.7783	17	1	34	FullDelay	9.99199	9.99199e+06	12	12
17.8064	16	1	9	LastDelay	0.651452	651452	1	12
17.8064	16	1	9	FullDelay	13.5348	1.35348e+07	40	12
17.9184	16	1	20	LastDelay	0.688706	688706	1	12
17.9184	16	1	20	FullDelay	16.5742	1.65742e+07	27	12
17.9184	17	1	20	LastDelay	0.438773	438773	1	12
17.9184	17	1	20	FullDelay	15.2724	1.52724e+07	24	12
17.9569	16	1	26	LastDelay	0.0227001	22700.1	1	12
17.9569	16	1	26	FullDelay	16.5026	1.65026e+07	19	12
18.1482	17	1	44	LastDelay	0.575437	575437	1	12
18.1482	17	1	44	FullDelay	15.5505	1.55505e+07	13	12
18.2011	16	1	16	LastDelay	0.403241	403241	1	12
18.2011	16	1	16	FullDelay	16.3634	1.63634e+07	25	12
18.2011	17	1	16	LastDelay	0.304603	304603	1	12
18.2011	17	1	16	FullDelay	16.7773	1.67773e+07	25	12
25.9293	17	1	24	LastDelay	0.464556	464556	1	12
25.9293	17	1	24	FullDelay	24.5437	2.45437e+07	31	12
29.4198	16	1	43	LastDelay	0.516407	516407	1	12
29.4198	16	1	43	FullDelay	28.1875	2.81875e+07	30	12
29.4903	16	1	14	LastDelay	0.257867	257867	1	12
29.4903	16	1	14	FullDelay	27.9204	2.79204e+07	58	12
29.4903	17	1	14	LastDelay	0.16197	161970	1	12
29.4903	17	1	14	FullDelay	27.9488	2.79488e+07	56	12
29.5132	16	1	31	LastDelay	0.159196	159196	1	12
29.5132	16	1	31	FullDelay	25.1543	2.51543e+07	25	12
29.591	16	1	2	LastDelay	0.0272051	27205.1	1	12
29.591	16	1	2	FullDelay	28.4854	2.84854e+07	208	12
29.591	17	1	2	LastDelay	0.0730221	73022.1	1	12
29.591	17	1	2	FullDelay	28.0691	2.80691e+07	178	12
29.6037	16	1	3	LastDelay	0.00266103	2661.03	1	12
29.6037	16	1	3	FullDelay	11.5635	1.15635e+07	89	12
29.6037	17	1	3	LastDelay	0.225133	225133	1	12
29.6037	17	1	3	FullDelay	11.6887	1.16887e+07	73	12
29.7728	17	1	1	LastDelay	0.0238903	23890.3	1	12
29.7728	17	1	1	FullDelay	24.6895	2.46895e+07	241	12
29.8897	16	1	8	LastDelay	0.246756	246756	1	12
29.8897	16	1	8	FullDelay	12.9969	1.29969e+07	37	12
29.8897	17	1	8	LastDelay	0.0470006	47000.6	1	12
29.8897	17	1	8	FullDelay	11.9673	1.19673e+07	41	12
29.9148	16	1	12	LastDelay	0.460613	460613	1	12
29.9148	16	1	12	FullDelay	27.4779	2.74779e+07	58	12
29.9856	16	1	729	LastDelay	0.139868	139868	1	12
29.9856	16	1	729	FullDelay	24.8893	2.48893e+07	6	12
30.1022	17	1	19	LastDelay	0.942222	942222	1	12
30.1022	17	1	19	FullDelay	29.0253	2.90253e+07	52	12
30.1746	17	1	105	LastDelay	0.410297	410297	1	12
30.1746	17	1	105	FullDelay	26.9121	2.69121e+07	10	12
30.2753	16	1	7	LastDelay	0.222108	222108	1	12
30.2753	16	1	7	FullDelay	23.2524	2.32524e+07	65	12
30.2753	17	1	7	LastDelay	0.436318	436318	1	12
30.2753	17	1	7	FullDelay	29.1568	2.91568e+07	69	12
30.3413	17	1	34	LastDelay	0.787252	787252	1	12
30.3413	17	1	34	FullDelay	11.7415	1.17415e+07	15	12
30.3876	16	1	18	LastDelay	0.52815	528150	1	12
30.3876	16	1	18	FullDelay	22.3822	2.23822e+07	37	12
