Time	Node	AppId	SeqNo	Type	DelayS	DelayUS	RetxCount	HopCount
1.08715	23	1	618	LastDelay	0.0871526	87152.6	1	12
1.08715	23	1	618	FullDelay	0.0871526	87152.6	1	12
1.18873	22	1	348	LastDelay	0.187057	187057	1	12
1.18873	22	1	348	FullDelay	0.188735	188735	2	12
1.37013	23	1	34	LastDelay	0.0566178	56617.8	1	12
1.37013	23	1	34	FullDelay	0.369817	369817	2	12
1.38989	22	1	443	LastDelay	0.384231	384231	1	12
1.38989	22	1	443	FullDelay	0.384231	384231	1	12
1.44654	22	1	338	LastDelay	0.432781	432781	1	12
1.44654	22	1	338	FullDelay	0.432781	432781	1	12
1.47927	23	1	413	LastDelay	0.134603	134603	1	12
1.47927	23	1	413	FullDelay	0.469131	469131	2	12
4.62634	21	1	4	LastDelay	0.0929421	92942.1	1	12
4.62634	21	1	4	FullDelay	3.57974	3.57974e+06	27	12
5.50222	20	1	1	LastDelay	0.145898	145898	1	12
5.50222	20	1	1	FullDelay	4.43275	4.43275e+06	66	12
5.50222	21	1	1	LastDelay	0.0816076	81607.6	1	12
5.50222	21	1	1	FullDelay	4.28847	4.28847e+06	46	12
6.07457	20	1	3	LastDelay	0.400145	400145	1	12
6.07457	20	1	3	FullDelay	4.37443	4.37443e+06	31	12
6.07457	21	1	3	LastDelay	0.147966	147966	1	12
6.07457	21	1	3	FullDelay	4.98986	4.98986e+06	35	12
