Time	Node	AppId	SeqNo	Type	DelayS	DelayUS	RetxCount	HopCount
1.08715	23	1	618	LastDelay	0.0871526	87152.6	1	12
1.08715	23	1	618	FullDelay	0.0871526	87152.6	1	12
1.18873	22	1	348	LastDelay	0.187057	187057	1	12
1.18873	22	1	348	FullDelay	0.188735	188735	2	12
1.37013	23	1	34	LastDelay	0.0566178	56617.8	1	12
1.37013	23	1	34	FullDelay	0.369817	369817	2	12
1.38989	22	1	443	LastDelay	0.384231	384231	1	12
1.38989	22	1	443	FullDelay	0.384231	384231	1	12
1.44654	22	1	338	LastDelay	0.432781	432781	1	12
1.44654	22	1	338	FullDelay	0.432781	432781	1	12
1.47927	23	1	413	LastDelay	0.134603	134603	1	12
1.47927	23	1	413	FullDelay	0.469131	469131	2	12
4.62634	21	1	4	LastDelay	0.0929421	92942.1	1	12
4.62634	21	1	4	FullDelay	3.57974	3.57974e+06	27	12
5.6394	20	1	1	LastDelay	0.043333	43333	1	12
5.6394	20	1	1	FullDelay	4.56993	4.56993e+06	67	12
5.6394	21	1	1	LastDelay	0.0219996	21999.6	1	12
5.6394	21	1	1	FullDelay	4.42565	4.42565e+06	47	12
6.35453	20	1	4	LastDelay	0.0497052	49705.2	1	2
6.35453	20	1	4	FullDelay	5.0961	5.0961e+06	26	2
6.35453	21	1	4	LastDelay	0.355608	355608	1	2
6.35453	21	1	4	FullDelay	1.37912	1.37912e+06	11	2
6.70393	20	1	3	LastDelay	0.0241342	24134.2	1	12
6.70393	20	1	3	FullDelay	5.00378	5.00378e+06	33	12
6.70393	21	1	3	LastDelay	0.025251	25251	1	12
6.70393	21	1	3	FullDelay	5.61922	5.61922e+06	40	12
7.28916	20	1	1	LastDelay	0.0185693	18569.3	1	2
7.28916	20	1	1	FullDelay	1.62755	1.62755e+06	20	2
7.28916	21	1	1	LastDelay	0.000978109	978.109	1	2
7.28916	21	1	1	FullDelay	1.483	1.483e+06	18	2
7.42038	20	1	2	LastDelay	0.0977838	97783.8	1	2
7.42038	20	1	2	FullDelay	6.21508	6.21508e+06	45	2
7.42038	21	1	2	LastDelay	0.0567476	56747.6	1	2
7.42038	21	1	2	FullDelay	6.34703	6.34703e+06	59	2
7.86482	20	1	2	LastDelay	0.0261793	26179.3	1	2
7.86482	20	1	2	FullDelay	0.378818	378818	7	2
7.86482	21	1	2	LastDelay	0.0976602	97660.2	1	2
7.86482	21	1	2	FullDelay	0.175492	175492	2	2
7.95313	21	1	4	LastDelay	0.021631	21631	1	2
7.95313	21	1	4	FullDelay	1.26522	1.26522e+06	9	2
8.00978	20	1	1	LastDelay	0.112052	112052	1	2
8.00978	20	1	1	FullDelay	0.639163	639163	7	2
8.00978	21	1	1	LastDelay	0.0071948	7194.8	1	2
8.00978	21	1	1	FullDelay	0.662087	662087	13	2
8.10495	20	1	4	LastDelay	0.032817	32817	1	2
8.10495	20	1	4	FullDelay	1.61482	1.61482e+06	7	2
8.10495	21	1	4	LastDelay	0.082909	82909	1	2
8.10495	21	1	4	FullDelay	0.082909	82909	1	2
8.58083	20	1	3	LastDelay	0.0189488	18948.8	1	2
8.58083	20	1	3	FullDelay	1.81287	1.81287e+06	11	2
8.58083	21	1	3	LastDelay	0.419962	419962	1	2
8.58083	21	1	3	FullDelay	1.6626	1.6626e+06	11	2
9.33083	20	1	1	LastDelay	0.0293452	29345.2	1	2
9.33083	20	1	1	FullDelay	1.2985	1.2985e+06	20	2
9.52472	20	1	2	LastDelay	0.266548	266548	1	2
9.52472	20	1	2	FullDelay	1.51576	1.51576e+06	11	2
10.69	20	1	3	LastDelay	0.0589488	58948.8	1	2
10.69	20	1	3	FullDelay	2.01225	2.01225e+06	13	2
10.69	21	1	3	LastDelay	0.031418	31418	1	2
10.69	21	1	3	FullDelay	0.031418	31418	1	2
11.2221	20	1	4	LastDelay	0.0680528	68052.8	1	2
11.2221	20	1	4	FullDelay	2.92717	2.92717e+06	13	2
11.2221	21	1	4	LastDelay	0.579438	579438	1	2
11.2221	21	1	4	FullDelay	0.582494	582494	2	2
11.5415	20	1	1	LastDelay	0.00814355	8143.55	1	2
11.5415	20	1	1	FullDelay	2.14932	2.14932e+06	29	2
11.5415	21	1	1	LastDelay	0.840964	840964	1	2
11.5415	21	1	1	FullDelay	3.46832	3.46832e+06	5	2
13.5466	20	1	1	LastDelay	0.00530672	5306.72	1	2
13.5466	20	1	1	FullDelay	1.98615	1.98615e+06	31	2
13.5466	21	1	1	LastDelay	0.00849602	8496.02	1	2
13.5466	21	1	1	FullDelay	0.568704	568704	12	2
13.6612	21	1	4	LastDelay	0.0900734	90073.4	1	2
13.6612	21	1	4	FullDelay	0.671257	671257	4	2
13.8303	20	1	1	LastDelay	0.105258	105258	1	2
13.8303	20	1	1	FullDelay	0.275236	275236	7	2
13.8303	21	1	1	LastDelay	0.135654	135654	1	2
13.8303	21	1	1	FullDelay	0.249144	249144	3	2
13.8932	20	1	4	LastDelay	0.14881	148810	1	2
13.8932	20	1	4	FullDelay	2.43997	2.43997e+06	15	2
13.8932	21	1	4	LastDelay	0.214724	214724	1	2
13.8932	21	1	4	FullDelay	0.214724	214724	1	2
13.9287	20	1	2	LastDelay	0.0211176	21117.6	1	2
13.9287	20	1	2	FullDelay	4.28077	4.28077e+06	36	2
13.9287	21	1	2	LastDelay	0.0276977	27697.7	1	2
13.9287	21	1	2	FullDelay	6.0354	6.0354e+06	17	2
14.0303	20	1	1	LastDelay	0.0146093	14609.3	1	2
14.0303	20	1	1	FullDelay	0.196408	196408	3	2
14.0303	21	1	1	LastDelay	0.153605	153605	1	2
14.0303	21	1	1	FullDelay	0.195549	195549	2	2
15.0347	20	1	1	LastDelay	0.228744	228744	1	2
15.0347	20	1	1	FullDelay	0.897661	897661	11	2
16.0689	20	1	2	LastDelay	0.0879288	87928.8	1	2
16.0689	20	1	2	FullDelay	2.1127	2.1127e+06	20	2
16.8034	20	1	2	LastDelay	0.0208235	20823.5	1	2
16.8034	20	1	2	FullDelay	0.623907	623907	8	2
16.8034	21	1	2	LastDelay	0.0539379	53937.9	1	2
16.8034	21	1	2	FullDelay	0.252493	252493	2	2
17.9402	20	1	1	LastDelay	0.177064	177064	1	2
17.9402	20	1	1	FullDelay	2.8394	2.8394e+06	26	2
17.9967	20	1	2	LastDelay	0.0517705	51770.5	1	2
17.9967	20	1	2	FullDelay	1.12439	1.12439e+06	11	2
18.1029	20	1	1	LastDelay	0.0570843	57084.3	1	2
18.1029	20	1	1	FullDelay	0.133666	133666	3	2
18.3056	20	1	3	LastDelay	0.059069	59069	1	2
18.3056	20	1	3	FullDelay	7.54508	7.54508e+06	40	2
18.9181	20	1	1	LastDelay	0.307022	307022	1	2
18.9181	20	1	1	FullDelay	0.622496	622496	4	2
19.9485	20	1	4	LastDelay	0.0509528	50952.8	1	2
19.9485	20	1	4	FullDelay	5.52974	5.52974e+06	27	2
21.2795	20	1	2	LastDelay	0.00541026	5410.26	1	2
21.2795	20	1	2	FullDelay	2.68885	2.68885e+06	19	2
21.6108	20	1	3	LastDelay	0.0372336	37233.6	1	2
21.6108	20	1	3	FullDelay	3.06974	3.06974e+06	14	2
24.1166	20	1	1	LastDelay	0.185467	185467	1	2
24.1166	20	1	1	FullDelay	5.13869	5.13869e+06	50	2
24.1541	20	1	2	LastDelay	0.020247	20247	1	2
24.1541	20	1	2	FullDelay	2.79818	2.79818e+06	18	2
24.462	20	1	2	LastDelay	0.0426813	42681.3	1	2
24.462	20	1	2	FullDelay	0.262597	262597	4	2
26.6268	20	1	2	LastDelay	0.0602518	60251.8	1	2
26.6268	20	1	2	FullDelay	2.07192	2.07192e+06	13	2
27.1099	20	1	1	LastDelay	0.0068361	6836.1	1	2
27.1099	20	1	1	FullDelay	2.95049	2.95049e+06	36	2
28.4071	20	1	3	LastDelay	0.308709	308709	1	2
28.4071	20	1	3	FullDelay	6.73167	6.73167e+06	44	2
28.8814	20	1	4	LastDelay	0.0800862	80086.2	1	2
28.8814	20	1	4	FullDelay	8.87083	8.87083e+06	43	2
29.4047	20	1	4	LastDelay	0.049052	49052	1	2
29.4047	20	1	4	FullDelay	0.228482	228482	4	2
29.6207	20	1	1	LastDelay	0.0696246	69624.6	1	2
29.6207	20	1	1	FullDelay	2.50837	2.50837e+06	31	2
29.7255	20	1	2	LastDelay	0.0605341	60534.1	1	2
29.7255	20	1	2	FullDelay	2.93207	2.93207e+06	27	2
29.7255	21	1	2	LastDelay	0.0217599	21759.9	1	2
29.7255	21	1	2	FullDelay	12.536	1.2536e+07	109	2
34.4269	20	1	4	LastDelay	0.201994	201994	1	2
34.4269	20	1	4	FullDelay	4.80282	4.80282e+06	25	2
34.4269	21	1	4	LastDelay	0.00549131	5491.31	1	2
34.4269	21	1	4	FullDelay	17.8003	1.78003e+07	103	2
35.2296	20	1	3	LastDelay	0.099705	99705	1	2
35.2296	20	1	3	FullDelay	6.76979	6.76979e+06	34	2
35.4206	21	1	1	LastDelay	0.0564287	56428.7	1	2
35.4206	21	1	1	FullDelay	18.8082	1.88082e+07	255	2
36.4853	20	1	4	LastDelay	0.0944978	94497.8	1	2
36.4853	20	1	4	FullDelay	1.52082	1.52082e+06	19	2
36.4853	21	1	4	LastDelay	0.0674984	67498.4	1	2
36.4853	21	1	4	FullDelay	1.83384	1.83384e+06	10	2
36.6981	20	1	2	LastDelay	0.00339994	3399.94	1	2
36.6981	20	1	2	FullDelay	6.50607	6.50607e+06	52	2
36.6981	21	1	2	LastDelay	0.178612	178612	1	2
36.6981	21	1	2	FullDelay	6.93575	6.93575e+06	67	2
36.9889	20	1	3	LastDelay	0.0112009	11200.9	1	2
36.9889	20	1	3	FullDelay	1.64626	1.64626e+06	7	2
36.9889	21	1	3	LastDelay	0.0596017	59601.7	1	2
36.9889	21	1	3	FullDelay	24.0102	2.40102e+07	123	2
