Time	Node	AppId	SeqNo	Type	DelayS	DelayUS	RetxCount	HopCount
1.05691	16	1	38	LastDelay	0.0569116	56911.6	1	12
1.05691	16	1	38	FullDelay	0.0569116	56911.6	1	12
1.06772	16	1	3	LastDelay	0.0667524	66752.4	1	12
1.06772	16	1	3	FullDelay	0.0667524	66752.4	1	12
1.08819	17	1	48	LastDelay	0.088192	88192	1	12
1.08819	17	1	48	FullDelay	0.088192	88192	1	12
1.24098	16	1	192	LastDelay	0.239828	239828	1	12
1.24098	16	1	192	FullDelay	0.239828	239828	1	12
1.2818	17	1	53	LastDelay	0.281614	281614	1	12
1.2818	17	1	53	FullDelay	0.281614	281614	1	12
1.32898	16	1	430	LastDelay	0.323743	323743	1	12
1.32898	16	1	430	FullDelay	0.323743	323743	1	12
1.34813	16	1	191	LastDelay	0.336006	336006	1	12
1.34813	16	1	191	FullDelay	0.336006	336006	1	12
1.36419	16	1	18	LastDelay	0.0588922	58892.2	1	12
1.36419	16	1	18	FullDelay	0.351128	351128	3	12
1.36419	17	1	18	LastDelay	0.173775	173775	1	12
1.36419	17	1	18	FullDelay	0.173775	173775	1	12
1.3884	17	1	388	LastDelay	0.386194	386194	1	12
1.3884	17	1	388	FullDelay	0.386194	386194	1	12
1.83675	16	1	3	LastDelay	0.0204711	20471.1	1	2
1.83675	16	1	3	FullDelay	0.711486	711486	4	2
1.99529	17	1	833	LastDelay	0.250471	250471	1	12
1.99529	17	1	833	FullDelay	0.989455	989455	2	12
2.34197	16	1	9	LastDelay	0.100824	100824	1	12
2.34197	16	1	9	FullDelay	1.32286	1.32286e+06	10	12
2.34197	17	1	9	LastDelay	0.0101872	10187.2	1	12
2.34197	17	1	9	FullDelay	1.2085	1.2085e+06	3	12
2.53469	16	1	404	LastDelay	0.05136	51360	1	12
2.53469	16	1	404	FullDelay	1.4981	1.4981e+06	2	12
2.53469	17	1	404	LastDelay	0.512125	512125	1	12
2.53469	17	1	404	FullDelay	0.512125	512125	1	12
2.57474	16	1	414	LastDelay	0.0908418	90841.8	1	12
2.57474	16	1	414	FullDelay	1.53495	1.53495e+06	2	12
2.57474	17	1	414	LastDelay	0.409146	409146	1	12
2.57474	17	1	414	FullDelay	0.409146	409146	1	12
2.62584	16	1	3	LastDelay	0.0978348	97834.8	1	2
2.62584	16	1	3	FullDelay	0.490077	490077	7	2
2.62584	17	1	3	LastDelay	0.0641218	64121.8	1	2
2.62584	17	1	3	FullDelay	1.32899	1.32899e+06	8	2
2.64173	16	1	39	LastDelay	0.184579	184579	1	12
2.64173	16	1	39	FullDelay	1.59676	1.59676e+06	3	12
2.74573	16	1	1	LastDelay	0.0234226	23422.6	1	12
2.74573	16	1	1	FullDelay	1.70749	1.70749e+06	20	12
2.74573	17	1	1	LastDelay	0.253629	253629	1	12
2.74573	17	1	1	FullDelay	1.73262	1.73262e+06	23	12
2.76583	16	1	45	LastDelay	0.30425	304250	1	12
2.76583	16	1	45	FullDelay	1.72078	1.72078e+06	2	12
2.90469	16	1	1	LastDelay	0.00723369	7233.69	1	2
2.90469	16	1	1	FullDelay	0.142297	142297	3	2
2.9549	16	1	21	LastDelay	0.502462	502462	1	12
2.9549	16	1	21	FullDelay	1.90812	1.90812e+06	6	12
2.9549	17	1	21	LastDelay	0.345382	345382	1	12
2.9549	17	1	21	FullDelay	1.44384	1.44384e+06	4	12
3.13984	17	1	11	LastDelay	0.759312	759312	1	12
3.13984	17	1	11	FullDelay	2.12016	2.12016e+06	5	12
3.17858	16	1	193	LastDelay	0.70281	702810	1	12
3.17858	16	1	193	FullDelay	2.12925	2.12925e+06	2	12
3.17858	17	1	193	LastDelay	0.115314	115314	1	12
3.17858	17	1	193	FullDelay	1.92153	1.92153e+06	3	12
3.19563	16	1	79	LastDelay	0.528476	528476	1	12
3.19563	16	1	79	FullDelay	0.528476	528476	1	12
3.25219	16	1	15	LastDelay	0.0248074	24807.4	1	12
3.25219	16	1	15	FullDelay	1.32883	1.32883e+06	3	12
3.25219	17	1	15	LastDelay	0.22184	221840	1	12
3.25219	17	1	15	FullDelay	2.22709	2.22709e+06	6	12
3.40974	16	1	113	LastDelay	0.944493	944493	1	12
3.40974	16	1	113	FullDelay	2.34483	2.34483e+06	2	12
3.42524	16	1	34	LastDelay	0.13615	136150	1	12
3.42524	16	1	34	FullDelay	1.77024	1.77024e+06	6	12
3.47976	16	1	150	LastDelay	0.00319654	3196.55	1	12
3.47976	16	1	150	FullDelay	1.61404	1.61404e+06	2	12
3.51088	16	1	11	LastDelay	0.294032	294032	1	2
3.51088	16	1	11	FullDelay	2.09943	2.09943e+06	5	2
3.51088	17	1	11	LastDelay	0.12404	124040	1	2
3.51088	17	1	11	FullDelay	0.12404	124040	1	2
3.54848	16	1	76	LastDelay	0.194235	194235	1	12
3.54848	16	1	76	FullDelay	2.27236	2.27236e+06	4	12
3.59136	16	1	72	LastDelay	0.24276	242760	1	12
3.59136	16	1	72	FullDelay	2.51129	2.51129e+06	5	12
3.59136	17	1	72	LastDelay	0.0793716	79371.6	1	12
3.59136	17	1	72	FullDelay	0.0793716	79371.6	1	12
3.68382	16	1	18	LastDelay	0.549051	549051	1	2
3.68382	16	1	18	FullDelay	0.839001	839001	2	2
3.68382	17	1	18	LastDelay	0.0867955	86795.5	1	2
3.68382	17	1	18	FullDelay	1.88381	1.88381e+06	4	2
3.74204	16	1	277	LastDelay	0.141058	141058	1	12
3.74204	16	1	277	FullDelay	2.65824	2.65824e+06	3	12
3.75442	16	1	237	LastDelay	0.175796	175796	1	12
3.75442	16	1	237	FullDelay	1.83269	1.83269e+06	2	12
3.78765	17	1	15	LastDelay	0.252265	252265	1	2
3.78765	17	1	15	FullDelay	0.374276	374276	2	2
3.83786	17	1	3	LastDelay	0.447158	447158	1	2
3.83786	17	1	3	FullDelay	0.777977	777977	4	2
3.86853	17	1	991	LastDelay	0.873728	873728	1	12
3.86853	17	1	991	FullDelay	2.81681	2.81681e+06	2	12
3.88186	17	1	116	LastDelay	0.0917822	91782.2	1	12
3.88186	17	1	116	FullDelay	2.82538	2.82538e+06	4	12
3.92113	16	1	232	LastDelay	0.348863	348863	1	12
3.92113	16	1	232	FullDelay	2.83034	2.83034e+06	3	12
3.97823	16	1	85	LastDelay	0.609722	609722	1	12
3.97823	16	1	85	FullDelay	2.85639	2.85639e+06	2	12
3.97823	17	1	85	LastDelay	0.246763	246763	1	12
3.97823	17	1	85	FullDelay	2.921	2.921e+06	3	12
4.04057	16	1	1	LastDelay	0.0196862	19686.2	1	2
4.04057	16	1	1	FullDelay	1.08764	1.08764e+06	3	2
4.04057	17	1	1	LastDelay	0.528437	528437	1	2
4.04057	17	1	1	FullDelay	0.959237	959237	6	2
4.13387	17	1	79	LastDelay	0.408783	408783	1	2
4.13387	17	1	79	FullDelay	3.11348	3.11348e+06	4	2
4.20102	16	1	455	LastDelay	0.445185	445185	1	12
4.20102	16	1	455	FullDelay	3.10556	3.10556e+06	3	12
4.31443	16	1	284	LastDelay	0.710185	710185	1	12
4.31443	16	1	284	FullDelay	2.37731	2.37731e+06	2	12
4.35374	17	1	202	LastDelay	0.431285	431285	1	12
4.35374	17	1	202	FullDelay	1.86743	1.86743e+06	2	12
4.37609	16	1	520	LastDelay	0.571543	571543	1	12
4.37609	16	1	520	FullDelay	3.27634	3.27634e+06	2	12
4.44343	17	1	19	LastDelay	0.00589548	5895.48	1	12
4.44343	17	1	19	FullDelay	3.3666	3.3666e+06	10	12
4.60163	16	1	799	LastDelay	0.703377	703377	1	12
4.60163	16	1	799	FullDelay	3.49635	3.49635e+06	2	12
4.64233	16	1	9	LastDelay	0.0755813	75581.3	1	2
4.64233	16	1	9	FullDelay	2.21073	2.21073e+06	7	2
4.68145	16	1	1	LastDelay	0.104032	104032	1	2
4.68145	16	1	1	FullDelay	0.57372	573720	8	2
4.68145	17	1	1	LastDelay	0.0891638	89163.8	1	2
4.68145	17	1	1	FullDelay	0.421708	421708	7	2
4.75868	16	1	2	LastDelay	0.0771327	77132.7	1	12
4.75868	16	1	2	FullDelay	3.65317	3.65317e+06	23	12
4.81775	17	1	116	LastDelay	0.541693	541693	1	2
4.81775	17	1	116	FullDelay	0.541693	541693	1	2
5.00847	17	1	814	LastDelay	0.821507	821507	1	12
5.00847	17	1	814	FullDelay	2.54725	2.54725e+06	3	12
5.0317	16	1	13	LastDelay	0.258303	258303	1	12
5.0317	16	1	13	FullDelay	3.9205	3.9205e+06	7	12
5.04618	16	1	22	LastDelay	0.0643519	64351.9	1	12
5.04618	16	1	22	FullDelay	2.84608	2.84608e+06	4	12
5.04618	17	1	22	LastDelay	0.14051	140510	1	12
5.04618	17	1	22	FullDelay	3.96574	3.96574e+06	8	12
5.13882	17	1	11	LastDelay	0.428725	428725	1	2
5.13882	17	1	11	FullDelay	0.695904	695904	2	2
5.22651	16	1	39	LastDelay	0.0747205	74720.5	1	2
5.22651	16	1	39	FullDelay	1.2337	1.2337e+06	2	2
5.22651	17	1	39	LastDelay	0.280846	280846	1	2
5.22651	17	1	39	FullDelay	3.91001	3.91001e+06	6	2
5.48667	16	1	1	LastDelay	0.0210302	21030.2	1	2
5.48667	16	1	1	FullDelay	0.764233	764233	8	2
5.48667	17	1	1	LastDelay	0.71913	719130	1	2
5.48667	17	1	1	FullDelay	0.766822	766822	2	2
5.57513	17	1	21	LastDelay	0.672755	672755	1	2
5.57513	17	1	21	FullDelay	2.27408	2.27408e+06	2	2
5.60176	16	1	9	LastDelay	0.161895	161895	1	2
5.60176	16	1	9	FullDelay	0.79938	799380	3	2
5.60176	17	1	9	LastDelay	0.73461	734610	1	2
5.60176	17	1	9	FullDelay	2.46484	2.46484e+06	3	2
5.63605	16	1	2	LastDelay	0.0264514	26451.4	1	2
5.63605	16	1	2	FullDelay	0.865527	865527	8	2
5.63605	17	1	2	LastDelay	0.783761	783761	1	2
5.63605	17	1	2	FullDelay	4.11419	4.11419e+06	23	2
5.86158	17	1	34	LastDelay	0.929517	929517	1	2
5.86158	17	1	34	FullDelay	4.82513	4.82513e+06	7	2
5.87538	16	1	72	LastDelay	0.467366	467366	1	2
5.87538	16	1	72	FullDelay	1.83414	1.83414e+06	2	2
5.87538	17	1	72	LastDelay	0.0774359	77435.9	1	2
5.87538	17	1	72	FullDelay	0.0774359	77435.9	1	2
5.90299	16	1	17	LastDelay	0.216459	216459	1	12
5.90299	16	1	17	FullDelay	1.72876	1.72876e+06	5	12
6.05864	16	1	7	LastDelay	0.280525	280525	1	12
6.05864	16	1	7	FullDelay	4.83348	4.83348e+06	21	12
6.05864	17	1	7	LastDelay	0.123377	123377	1	12
6.05864	17	1	7	FullDelay	4.94014	4.94014e+06	14	12
6.07956	17	1	13	LastDelay	0.125093	125093	1	2
6.07956	17	1	13	FullDelay	4.83933	4.83933e+06	7	2
6.1904	16	1	56	LastDelay	0.174215	174215	1	2
6.1904	16	1	56	FullDelay	5.16421	5.16421e+06	10	2
6.22137	16	1	17	LastDelay	0.177778	177778	1	2
6.22137	16	1	17	FullDelay	0.177778	177778	1	2
6.22137	17	1	17	LastDelay	0.26214	262140	1	2
6.22137	17	1	17	FullDelay	5.10854	5.10854e+06	8	2
6.23567	16	1	649	LastDelay	0.654944	654944	1	2
6.23567	16	1	649	FullDelay	5.2315	5.2315e+06	4	2
6.30885	16	1	306	LastDelay	0.80023	800230	1	12
6.30885	16	1	306	FullDelay	4.53628	4.53628e+06	3	12
6.33033	16	1	15	LastDelay	0.0593561	59356.1	1	2
6.33033	16	1	15	FullDelay	2.16613	2.16613e+06	6	2
6.40423	17	1	196	LastDelay	0.200815	200815	1	2
6.40423	17	1	196	FullDelay	5.36088	5.36088e+06	6	2
6.46138	16	1	21	LastDelay	0.176047	176047	1	2
6.46138	16	1	21	FullDelay	2.43729	2.43729e+06	3	2
6.46138	17	1	21	LastDelay	0.669966	669966	1	2
6.46138	17	1	21	FullDelay	0.786439	786439	2	2
6.50035	16	1	2	LastDelay	0.300048	300048	1	2
6.50035	16	1	2	FullDelay	0.723855	723855	3	2
6.50035	17	1	2	LastDelay	0.778532	778532	1	2
6.50035	17	1	2	FullDelay	0.778532	778532	1	2
6.62224	17	1	35	LastDelay	0.0457271	45727.1	1	2
6.62224	17	1	35	FullDelay	4.95925	4.95925e+06	11	2
6.82354	16	1	11	LastDelay	0.562399	562399	1	2
6.82354	16	1	11	FullDelay	2.84086	2.84086e+06	4	2
6.95206	16	1	63	LastDelay	0.513871	513871	1	12
6.95206	16	1	63	FullDelay	5.68391	5.68391e+06	5	12
6.95206	17	1	63	LastDelay	0.304472	304472	1	12
6.95206	17	1	63	FullDelay	5.18185	5.18185e+06	6	12
7.10529	16	1	43	LastDelay	0.734823	734823	1	12
7.10529	16	1	43	FullDelay	5.87302	5.87302e+06	8	12
7.10529	17	1	43	LastDelay	0.500958	500958	1	12
7.10529	17	1	43	FullDelay	4.91162	4.91162e+06	8	12
7.22023	16	1	3	LastDelay	0.970157	970157	1	2
7.22023	16	1	3	FullDelay	4.57882	4.57882e+06	21	2
7.27312	17	1	1	LastDelay	0.00547521	5475.21	1	2
7.27312	17	1	1	FullDelay	1.67056	1.67056e+06	13	2
7.34499	17	1	2	LastDelay	0.030774	30774	1	2
7.34499	17	1	2	FullDelay	0.325161	325161	5	2
7.44795	17	1	191	LastDelay	0.1609	160900	1	2
7.44795	17	1	191	FullDelay	5.24314	5.24314e+06	4	2
7.75414	17	1	9	LastDelay	0.514571	514571	1	2
7.75414	17	1	9	FullDelay	1.86698	1.86698e+06	2	2
7.88769	17	1	3	LastDelay	0.187919	187919	1	2
7.88769	17	1	3	FullDelay	3.63365	3.63365e+06	14	2
7.9434	17	1	1	LastDelay	0.0492017	49201.7	1	2
7.9434	17	1	1	FullDelay	0.646466	646466	8	2
7.99423	16	1	5	LastDelay	0.00683568	6835.68	1	2
7.99423	16	1	5	FullDelay	6.8287	6.8287e+06	23	2
7.99423	17	1	5	LastDelay	0.00521317	5213.17	1	2
7.99423	17	1	5	FullDelay	6.84259	6.84259e+06	23	2
8.0142	17	1	7	LastDelay	0.174497	174497	1	2
8.0142	17	1	7	FullDelay	0.955249	955249	7	2
8.07255	17	1	202	LastDelay	0.429291	429291	1	2
8.07255	17	1	202	FullDelay	0.834295	834295	3	2
8.10144	16	1	3	LastDelay	0.0952977	95297.7	1	2
8.10144	16	1	3	FullDelay	0.16907	169070	2	2
8.15458	16	1	7	LastDelay	0.0434666	43466.6	1	2
8.15458	16	1	7	FullDelay	2.05334	2.05334e+06	4	2
8.15458	17	1	7	LastDelay	0.125464	125464	1	2
8.15458	17	1	7	FullDelay	0.125464	125464	1	2
8.27394	16	1	39	LastDelay	0.1933	193300	1	2
8.27394	16	1	39	FullDelay	2.92683	2.92683e+06	4	2
8.27394	17	1	39	LastDelay	0.489599	489599	1	2
8.27394	17	1	39	FullDelay	0.489599	489599	1	2
8.33015	16	1	85	LastDelay	0.237104	237104	1	2
8.33015	16	1	85	FullDelay	2.93138	2.93138e+06	3	2
8.33015	17	1	85	LastDelay	0.438736	438736	1	2
8.33015	17	1	85	FullDelay	0.438736	438736	1	2
8.44985	17	1	196	LastDelay	0.279147	279147	1	2
8.44985	17	1	196	FullDelay	0.279147	279147	1	2
8.52186	16	1	2	LastDelay	0.0908301	90830.1	1	2
8.52186	16	1	2	FullDelay	0.334391	334391	3	2
8.52186	17	1	2	LastDelay	0.0715341	71534.1	1	2
8.52186	17	1	2	FullDelay	1.0951	1.0951e+06	5	2
8.73117	17	1	150	LastDelay	0.109148	109148	1	2
8.73117	17	1	150	FullDelay	7.69073	7.69073e+06	6	2
8.85508	16	1	19	LastDelay	0.0512783	51278.3	1	2
8.85508	16	1	19	FullDelay	6.03759	6.03759e+06	7	2
8.85508	17	1	19	LastDelay	0.624098	624098	1	2
8.85508	17	1	19	FullDelay	3.20199	3.20199e+06	7	2
8.91774	16	1	3	LastDelay	0.0910721	91072.1	1	2
8.91774	16	1	3	FullDelay	0.790362	790362	4	2
8.97878	16	1	11	LastDelay	0.356469	356469	1	2
8.97878	16	1	11	FullDelay	0.356469	356469	1	2
9.04519	16	1	2	LastDelay	0.123655	123655	1	2
9.04519	16	1	2	FullDelay	0.519332	519332	4	2
9.06901	17	1	34	LastDelay	0.893063	893063	1	2
9.06901	17	1	34	FullDelay	0.893063	893063	1	2
9.12345	16	1	17	LastDelay	0.361225	361225	1	2
9.12345	16	1	17	FullDelay	0.959145	959145	6	2
9.12345	17	1	17	LastDelay	0.767608	767608	1	2
9.12345	17	1	17	FullDelay	2.02315	2.02315e+06	3	2
9.16776	16	1	73	LastDelay	0.844114	844114	1	2
9.16776	16	1	73	FullDelay	8.07351	8.07351e+06	7	2
9.16776	17	1	73	LastDelay	0.710221	710221	1	2
9.16776	17	1	73	FullDelay	1.84076	1.84076e+06	3	2
9.22535	16	1	192	LastDelay	0.398875	398875	1	2
9.22535	16	1	192	FullDelay	0.398875	398875	1	2
9.22535	17	1	192	LastDelay	0.514049	514049	1	2
9.22535	17	1	192	FullDelay	6.84854	6.84854e+06	5	2
9.34722	16	1	116	LastDelay	0.00752315	7523.15	1	2
9.34722	16	1	116	FullDelay	7.96068	7.96068e+06	6	2
9.39762	16	1	53	LastDelay	0.256778	256778	1	2
9.39762	16	1	53	FullDelay	4.3013	4.3013e+06	7	2
9.44927	16	1	38	LastDelay	0.345465	345465	1	2
9.44927	16	1	38	FullDelay	4.25988	4.25988e+06	4	2
9.47031	16	1	3	LastDelay	0.478181	478181	1	2
9.47031	16	1	3	FullDelay	0.478181	478181	1	2
9.65615	16	1	113	LastDelay	0.321159	321159	1	2
9.65615	16	1	113	FullDelay	4.25299	4.25299e+06	4	2
9.72306	17	1	306	LastDelay	0.683287	683287	1	2
9.72306	17	1	306	FullDelay	8.56885	8.56885e+06	7	2
9.95024	17	1	814	LastDelay	0.258111	258111	1	2
9.95024	17	1	814	FullDelay	2.95444	2.95444e+06	2	2
10.155	17	1	15	LastDelay	0.200769	200769	1	2
10.155	17	1	15	FullDelay	0.200769	200769	1	2
10.182	17	1	3	LastDelay	0.160026	160026	1	2
10.182	17	1	3	FullDelay	0.160026	160026	1	2
10.2354	17	1	18	LastDelay	0.00823507	8235.07	1	2
10.2354	17	1	18	FullDelay	5.88864	5.88864e+06	8	2
10.5198	17	1	833	LastDelay	0.808115	808115	1	2
10.5198	17	1	833	FullDelay	5.91579	5.91579e+06	3	2
10.9088	16	1	576	LastDelay	0.611065	611065	1	2
10.9088	16	1	576	FullDelay	8.86614	8.86614e+06	4	2
11.1775	16	1	703	LastDelay	0.682129	682129	1	2
11.1775	16	1	703	FullDelay	6.74909	6.74909e+06	3	2
11.4494	16	1	1	LastDelay	0.0974028	97402.8	1	2
11.4494	16	1	1	FullDelay	5.88255	5.88255e+06	30	2
11.4494	17	1	1	LastDelay	0.0884031	88403.1	1	2
11.4494	17	1	1	FullDelay	3.50096	3.50096e+06	11	2
11.9278	17	1	13	LastDelay	0.200096	200096	1	2
11.9278	17	1	13	FullDelay	4.80161	4.80161e+06	9	2
11.9541	16	1	21	LastDelay	0.376034	376034	1	2
11.9541	16	1	21	FullDelay	3.83692	3.83692e+06	6	2
11.9541	17	1	21	LastDelay	0.0442898	44289.8	1	2
11.9541	17	1	21	FullDelay	4.19875	4.19875e+06	5	2
12.0536	16	1	3	LastDelay	0.0255828	25582.8	1	2
12.0536	16	1	3	FullDelay	1.05622	1.05622e+06	5	2
12.0536	17	1	3	LastDelay	0.796978	796978	1	2
12.0536	17	1	3	FullDelay	0.986517	986517	3	2
12.405	16	1	19	LastDelay	0.0561383	56138.3	1	2
12.405	16	1	19	FullDelay	1.17388	1.17388e+06	6	2
12.405	17	1	19	LastDelay	0.467733	467733	1	2
12.405	17	1	19	FullDelay	0.919428	919428	3	2
12.6448	16	1	85	LastDelay	0.281102	281102	1	2
12.6448	16	1	85	FullDelay	3.81054	3.81054e+06	2	2
12.6829	16	1	7	LastDelay	0.127559	127559	1	2
12.6829	16	1	7	FullDelay	4.2834	4.2834e+06	8	2
12.6829	17	1	7	LastDelay	0.0605711	60571.1	1	2
12.6829	17	1	7	FullDelay	1.46475	1.46475e+06	3	2
12.7698	16	1	17	LastDelay	0.138589	138589	1	2
12.7698	16	1	17	FullDelay	1.71159	1.71159e+06	3	2
12.7698	17	1	17	LastDelay	0.00219209	2192.09	1	2
12.7698	17	1	17	FullDelay	2.78919	2.78919e+06	8	2
12.9914	16	1	35	LastDelay	0.179251	179251	1	2
12.9914	16	1	35	FullDelay	11.7504	1.17504e+07	12	2
13.1938	16	1	5	LastDelay	0.306699	306699	1	2
13.1938	16	1	5	FullDelay	4.84957	4.84957e+06	18	2
13.1938	17	1	5	LastDelay	0.0184815	18481.5	1	2
13.1938	17	1	5	FullDelay	2.08781	2.08781e+06	13	2
13.3446	16	1	18	LastDelay	0.119989	119989	1	2
13.3446	16	1	18	FullDelay	9.18043	9.18043e+06	13	2
13.482	16	1	21	LastDelay	0.0573069	57306.9	1	2
13.482	16	1	21	FullDelay	0.0573069	57306.9	1	2
13.482	17	1	21	LastDelay	0.234626	234626	1	2
13.482	17	1	21	FullDelay	1.47048	1.47048e+06	2	2
13.5146	16	1	38	LastDelay	0.232715	232715	1	2
13.5146	16	1	38	FullDelay	1.92115	1.92115e+06	4	2
13.5146	17	1	38	LastDelay	0.336884	336884	1	2
13.5146	17	1	38	FullDelay	11.4175	1.14175e+07	14	2
13.5395	16	1	13	LastDelay	0.00397442	3974.42	1	2
13.5395	16	1	13	FullDelay	8.48014	8.48014e+06	13	2
13.5395	17	1	13	LastDelay	0.10812	108120	1	2
13.5395	17	1	13	FullDelay	1.37724	1.37724e+06	5	2
13.5661	16	1	193	LastDelay	0.136093	136093	1	2
13.5661	16	1	193	FullDelay	8.33358	8.33358e+06	8	2
13.5661	17	1	193	LastDelay	0.388303	388303	1	2
13.5661	17	1	193	FullDelay	0.388303	388303	1	2
13.7574	16	1	76	LastDelay	0.0698726	69872.6	1	2
13.7574	16	1	76	FullDelay	5.00695	5.00695e+06	5	2
13.7574	17	1	76	LastDelay	0.742466	742466	1	2
13.7574	17	1	76	FullDelay	12.7157	1.27157e+07	11	2
13.7995	16	1	73	LastDelay	0.45821	458210	1	2
13.7995	16	1	73	FullDelay	0.579201	579201	2	2
13.7995	17	1	73	LastDelay	0.206291	206291	1	2
13.7995	17	1	73	FullDelay	1.89426	1.89426e+06	2	2
13.8881	17	1	53	LastDelay	0.128696	128696	1	2
13.8881	17	1	53	FullDelay	12.2131	1.22131e+07	9	2
13.9733	16	1	35	LastDelay	0.627972	627972	1	2
13.9733	16	1	35	FullDelay	0.627972	627972	1	2
13.9733	17	1	35	LastDelay	0.276989	276989	1	2
13.9733	17	1	35	FullDelay	6.33308	6.33308e+06	5	2
14.2868	16	1	90	LastDelay	0.561049	561049	1	2
14.2868	16	1	90	FullDelay	10.318	1.0318e+07	6	2
14.2868	17	1	90	LastDelay	0.435131	435131	1	2
14.2868	17	1	90	FullDelay	11.2651	1.12651e+07	10	2
14.4942	16	1	54	LastDelay	0.866643	866643	1	12
14.4942	16	1	54	FullDelay	12.6193	1.26193e+07	8	12
14.4942	17	1	54	LastDelay	0.732073	732073	1	12
14.4942	17	1	54	FullDelay	11.2346	1.12346e+07	9	12
14.6251	16	1	406	LastDelay	0.106169	106169	1	2
14.6251	16	1	406	FullDelay	2.1818	2.1818e+06	2	2
15.1505	16	1	301	LastDelay	0.909024	909024	1	12
15.1505	16	1	301	FullDelay	9.6736	9.6736e+06	4	12
15.1505	17	1	301	LastDelay	0.760875	760875	1	12
15.1505	17	1	301	FullDelay	13.335	1.3335e+07	7	12
15.2152	16	1	357	LastDelay	0.80264	802640	1	12
15.2152	16	1	357	FullDelay	10.6705	1.06705e+07	7	12
15.2152	17	1	357	LastDelay	0.694617	694617	1	12
15.2152	17	1	357	FullDelay	13.4346	1.34346e+07	6	12
15.3105	16	1	396	LastDelay	0.813047	813047	1	12
15.3105	16	1	396	FullDelay	13.3033	1.33033e+07	5	12
15.3105	17	1	396	LastDelay	0.704062	704062	1	12
15.3105	17	1	396	FullDelay	7.26845	7.26845e+06	3	12
15.422	16	1	500	LastDelay	0.655313	655313	1	12
15.422	16	1	500	FullDelay	13.872	1.3872e+07	8	12
16.1401	17	1	237	LastDelay	0.365878	365878	1	2
16.1401	17	1	237	FullDelay	15.091	1.5091e+07	10	2
16.2413	16	1	116	LastDelay	0.12433	124330	1	2
16.2413	16	1	116	FullDelay	5.25935	5.25935e+06	4	2
16.3838	16	1	4	LastDelay	0.262559	262559	1	2
16.3838	16	1	4	FullDelay	15.0405	1.50405e+07	48	2
16.3838	17	1	4	LastDelay	0.00405662	4056.62	1	2
16.3838	17	1	4	FullDelay	14.6157	1.46157e+07	46	2
16.4012	16	1	1	LastDelay	0.0198215	19821.5	1	2
16.4012	16	1	1	FullDelay	4.78235	4.78235e+06	35	2
16.4012	17	1	1	LastDelay	0.0147835	14783.5	1	2
16.4012	17	1	1	FullDelay	4.92103	4.92103e+06	34	2
16.4581	17	1	2	LastDelay	0.220413	220413	1	2
16.4581	17	1	2	FullDelay	6.54396	6.54396e+06	25	2
16.4933	16	1	3	LastDelay	0.0921041	92104.1	1	2
16.4933	16	1	3	FullDelay	4.23857	4.23857e+06	10	2
16.4933	17	1	3	LastDelay	0.109145	109145	1	2
16.4933	17	1	3	FullDelay	4.36389	4.36389e+06	20	2
16.5465	17	1	34	LastDelay	0.210657	210657	1	2
16.5465	17	1	34	FullDelay	5.48786	5.48786e+06	6	2
16.5586	16	1	9	LastDelay	0.764037	764037	1	2
16.5586	16	1	9	FullDelay	10.6925	1.06925e+07	19	2
16.5586	17	1	9	LastDelay	0.0359973	35997.3	1	2
16.5586	17	1	9	FullDelay	8.41051	8.41051e+06	25	2
16.7275	17	1	2	LastDelay	0.252795	252795	1	2
16.7275	17	1	2	FullDelay	0.252795	252795	1	2
16.8102	16	1	277	LastDelay	0.894045	894045	1	2
16.8102	16	1	277	FullDelay	7.84409	7.84409e+06	3	2
16.89	16	1	11	LastDelay	0.13589	135890	1	2
16.89	16	1	11	FullDelay	5.79356	5.79356e+06	14	2
16.89	17	1	11	LastDelay	0.133854	133854	1	2
16.89	17	1	11	FullDelay	9.1915	9.1915e+06	17	2
16.9943	16	1	21	LastDelay	0.161535	161535	1	2
16.9943	16	1	21	FullDelay	0.161535	161535	1	2
17.0058	16	1	1	LastDelay	0.232776	232776	1	2
17.0058	16	1	1	FullDelay	0.520085	520085	6	2
17.0058	17	1	1	LastDelay	0.39297	392970	1	2
17.0058	17	1	1	FullDelay	0.568059	568059	4	2
17.1555	16	1	54	LastDelay	0.198421	198421	1	2
17.1555	16	1	54	FullDelay	0.198421	198421	1	2
17.1868	16	1	3	LastDelay	0.454642	454642	1	2
17.1868	16	1	3	FullDelay	0.622792	622792	2	2
17.2524	16	1	13	LastDelay	0.0497332	49733.2	1	2
17.2524	16	1	13	FullDelay	1.29938	1.29938e+06	3	2
17.2524	17	1	13	LastDelay	0.490686	490686	1	2
17.2524	17	1	13	FullDelay	1.53618	1.53618e+06	5	2
17.2947	16	1	4	LastDelay	0.52276	522760	1	2
17.2947	16	1	4	FullDelay	0.902873	902873	4	2
17.3175	16	1	5	LastDelay	0.315714	315714	1	2
17.3175	16	1	5	FullDelay	1.48752	1.48752e+06	7	2
17.4274	16	1	2	LastDelay	0.426661	426661	1	2
17.4274	16	1	2	FullDelay	6.44677	6.44677e+06	36	2
17.5308	16	1	45	LastDelay	0.433689	433689	1	2
17.5308	16	1	45	FullDelay	12.525	1.2525e+07	12	2
17.7004	16	1	7	LastDelay	0.694561	694561	1	2
17.7004	16	1	7	FullDelay	4.84414	4.84414e+06	11	2
17.7605	16	1	11	LastDelay	0.80622	806220	1	2
17.7605	16	1	11	FullDelay	0.861427	861427	2	2
18.1348	16	1	202	LastDelay	0.618302	618302	1	2
18.1348	16	1	202	FullDelay	17.0386	1.70386e+07	10	2
18.2175	16	1	232	LastDelay	0.604352	604352	1	2
18.2175	16	1	232	FullDelay	13.0282	1.30282e+07	6	2
18.395	16	1	230	LastDelay	0.789081	789081	1	10
18.395	16	1	230	FullDelay	17.2608	1.72608e+07	11	10
18.656	16	1	406	LastDelay	0.490539	490539	1	2
18.656	16	1	406	FullDelay	2.90076	2.90076e+06	2	2
18.656	17	1	406	LastDelay	0.759461	759461	1	2
18.656	17	1	406	FullDelay	17.5938	1.75938e+07	6	2
18.9185	16	1	647	LastDelay	0.136688	136688	1	2
18.9185	16	1	647	FullDelay	10.686	1.0686e+07	4	2
18.9185	17	1	647	LastDelay	0.430749	430749	1	2
18.9185	17	1	647	FullDelay	17.4228	1.74228e+07	7	2
19.1663	17	1	950	LastDelay	0.0680221	68022.1	1	2
19.1663	17	1	950	FullDelay	18.0954	1.80954e+07	9	2
19.2172	17	1	2	LastDelay	0.0148416	14841.6	1	2
19.2172	17	1	2	FullDelay	0.0148416	14841.6	1	2
19.3639	17	1	1	LastDelay	0.145636	145636	1	2
19.3639	17	1	1	FullDelay	0.145636	145636	1	2
19.5542	16	1	21	LastDelay	0.075054	75054	1	2
19.5542	16	1	21	FullDelay	0.075054	75054	1	2
19.5542	17	1	21	LastDelay	0.274288	274288	1	2
19.5542	17	1	21	FullDelay	3.76442	3.76442e+06	5	2
19.7147	17	1	63	LastDelay	0.274211	274211	1	2
19.7147	17	1	63	FullDelay	8.62991	8.62991e+06	6	2
19.8065	17	1	153	LastDelay	0.0631778	63177.8	1	2
19.8065	17	1	153	FullDelay	18.2758	1.82758e+07	13	2
19.8294	16	1	4	LastDelay	0.337398	337398	1	2
19.8294	16	1	4	FullDelay	0.337398	337398	1	2
19.9667	16	1	833	LastDelay	0.813479	813479	1	2
19.9667	16	1	833	FullDelay	13.8581	1.38581e+07	6	2
20.1172	16	1	12	LastDelay	0.494269	494269	1	2
20.1172	16	1	12	FullDelay	17.6846	1.76846e+07	23	2
20.1172	17	1	12	LastDelay	0.853775	853775	1	2
20.1172	17	1	12	FullDelay	18.8849	1.88849e+07	29	2
20.1552	17	1	7	LastDelay	0.902352	902352	1	2
20.1552	17	1	7	FullDelay	7.4231	7.4231e+06	10	2
20.36	16	1	11	LastDelay	0.790674	790674	1	2
20.36	16	1	11	FullDelay	0.826897	826897	3	2
20.4122	16	1	9	LastDelay	0.930393	930393	1	2
20.4122	16	1	9	FullDelay	0.930393	930393	1	2
20.4752	16	1	20	LastDelay	0.825533	825533	1	2
20.4752	16	1	20	FullDelay	19.131	1.9131e+07	26	2
21.4668	17	1	153	LastDelay	0.162145	162145	1	2
21.4668	17	1	153	FullDelay	0.162145	162145	1	2
21.6548	17	1	118	LastDelay	0.529848	529848	1	10
21.6548	17	1	118	FullDelay	19.68	1.968e+07	14	10
21.8499	17	1	95	LastDelay	0.0487855	48785.5	1	10
21.8499	17	1	95	FullDelay	20.6818	2.06818e+07	18	10
21.8845	17	1	120	LastDelay	0.0195589	19558.9	1	10
21.8845	17	1	120	FullDelay	17.5727	1.75727e+07	13	10
21.9839	16	1	250	LastDelay	0.2582	258200	1	12
21.9839	16	1	250	FullDelay	17.7616	1.77616e+07	10	12
21.9839	17	1	250	LastDelay	0.647043	647043	1	12
21.9839	17	1	250	FullDelay	10.7093	1.07093e+07	6	12
22.3766	16	1	327	LastDelay	0.20372	203720	1	2
22.3766	16	1	327	FullDelay	18.1895	1.81895e+07	11	2
22.4118	16	1	281	LastDelay	0.0567076	56707.6	1	6
22.4118	16	1	281	FullDelay	21.2782	2.12782e+07	11	6
22.4118	17	1	281	LastDelay	0.109936	109936	1	6
22.4118	17	1	281	FullDelay	19.0282	1.90282e+07	9	6
22.4937	16	1	121	LastDelay	0.140513	140513	1	12
22.4937	16	1	121	FullDelay	20.6385	2.06385e+07	13	12
22.4937	17	1	121	LastDelay	0.628407	628407	1	12
22.4937	17	1	121	FullDelay	9.14825	9.14825e+06	6	12
22.5226	17	1	137	LastDelay	0.632981	632981	1	10
22.5226	17	1	137	FullDelay	14.4939	1.44939e+07	9	10
22.7257	16	1	388	LastDelay	0.689345	689345	1	2
22.7257	16	1	388	FullDelay	20.6182	2.06182e+07	9	2
22.7257	17	1	388	LastDelay	0.156966	156966	1	2
22.7257	17	1	388	FullDelay	15.2341	1.52341e+07	7	2
22.736	16	1	309	LastDelay	0.34751	347510	1	12
22.736	16	1	309	FullDelay	0.34751	347510	1	12
22.736	17	1	309	LastDelay	0.346568	346568	1	12
22.736	17	1	309	FullDelay	10.8498	1.08498e+07	7	12
22.7787	17	1	298	LastDelay	0.420398	420398	1	12
22.7787	17	1	298	FullDelay	19.506	1.9506e+07	12	12
22.9451	16	1	526	LastDelay	0.652648	652648	1	12
22.9451	16	1	526	FullDelay	0.652648	652648	1	12
22.9909	17	1	258	LastDelay	0.751601	751601	1	10
22.9909	17	1	258	FullDelay	21.8099	2.18099e+07	12	10
24.0965	16	1	155	LastDelay	0.939285	939285	1	2
24.0965	16	1	155	FullDelay	21.0026	2.10026e+07	15	2
24.1334	16	1	192	LastDelay	0.8803	880300	1	2
24.1334	16	1	192	FullDelay	12.7251	1.27251e+07	6	2
24.2061	16	1	205	LastDelay	0.927274	927274	1	2
24.2061	16	1	205	FullDelay	19.3346	1.93346e+07	12	2
24.472	17	1	388	LastDelay	0.227469	227469	1	2
24.472	17	1	388	FullDelay	0.227469	227469	1	2
24.5975	16	1	395	LastDelay	0.810803	810803	1	2
24.5975	16	1	395	FullDelay	13.4287	1.34287e+07	6	2
24.6804	16	1	513	LastDelay	0.545503	545503	1	2
24.6804	16	1	513	FullDelay	16.3181	1.63181e+07	8	2
24.6974	16	1	520	LastDelay	0.536894	536894	1	2
24.6974	16	1	520	FullDelay	19.9006	1.99006e+07	7	2
24.8116	16	1	594	LastDelay	0.480911	480911	1	2
24.8116	16	1	594	FullDelay	8.39268	8.39268e+06	3	2
25.2707	17	1	7	LastDelay	0.752971	752971	1	2
25.2707	17	1	7	FullDelay	3.89617	3.89617e+06	4	2
25.5015	17	1	95	LastDelay	0.764212	764212	1	2
25.5015	17	1	95	FullDelay	1.91688	1.91688e+06	2	2
25.6213	16	1	1	LastDelay	0.0639118	63911.8	1	2
25.6213	16	1	1	FullDelay	6.15351	6.15351e+06	25	2
25.647	16	1	2	LastDelay	0.27948	279480	1	2
25.647	16	1	2	FullDelay	6.14648	6.14648e+06	13	2
25.7968	17	1	277	LastDelay	0.564764	564764	1	2
25.7968	17	1	277	FullDelay	23.3137	2.33137e+07	12	2
25.8126	17	1	278	LastDelay	0.5747	574700	1	2
25.8126	17	1	278	FullDelay	13.8268	1.38268e+07	8	2
25.8367	17	1	284	LastDelay	0.576462	576462	1	2
25.8367	17	1	284	FullDelay	24.7735	2.47735e+07	11	2
25.8552	16	1	9	LastDelay	0.0810897	81089.7	1	2
25.8552	16	1	9	FullDelay	4.12835	4.12835e+06	10	2
25.9331	16	1	17	LastDelay	0.111569	111569	1	2
25.9331	16	1	17	FullDelay	12.446	1.2446e+07	10	2
25.9788	17	1	370	LastDelay	0.475937	475937	1	2
25.9788	17	1	370	FullDelay	14.3387	1.43387e+07	8	2
26.1281	16	1	7	LastDelay	0.102008	102008	1	2
26.1281	16	1	7	FullDelay	4.23259	4.23259e+06	10	2
26.3487	16	1	34	LastDelay	0.77959	779590	1	2
26.3487	16	1	34	FullDelay	21.6602	2.16602e+07	15	2
26.3754	16	1	39	LastDelay	0.251494	251494	1	2
26.3754	16	1	39	FullDelay	6.86416	6.86416e+06	6	2
26.8831	16	1	4	LastDelay	0.00572966	5729.66	1	2
26.8831	16	1	4	FullDelay	4.97792	4.97792e+06	20	2
26.9791	16	1	17	LastDelay	0.742901	742901	1	2
26.9791	16	1	17	FullDelay	0.797992	797992	2	2
27.1319	16	1	9	LastDelay	0.160581	160581	1	2
27.1319	16	1	9	FullDelay	0.925596	925596	3	2
27.1474	16	1	13	LastDelay	0.0351617	35161.7	1	2
27.1474	16	1	13	FullDelay	1.55344	1.55344e+06	4	2
27.1651	16	1	3	LastDelay	0.101419	101419	1	2
27.1651	16	1	3	FullDelay	7.68882	7.68882e+06	22	2
27.3705	16	1	7	LastDelay	0.0873598	87359.8	1	2
27.3705	16	1	7	FullDelay	1.22389	1.22389e+06	3	2
27.3705	17	1	7	LastDelay	0.0842154	84215.4	1	2
27.3705	17	1	7	FullDelay	0.0842154	84215.4	1	2
27.504	16	1	306	LastDelay	0.243769	243769	1	2
27.504	16	1	306	FullDelay	1.41468	1.41468e+06	3	2
27.673	16	1	25	LastDelay	0.0729578	72957.8	1	2
27.673	16	1	25	FullDelay	26.3888	2.63888e+07	25	2
27.673	17	1	25	LastDelay	0.18894	188940	1	2
27.673	17	1	25	FullDelay	26.4704	2.64704e+07	25	2
28.2752	16	1	576	LastDelay	0.665477	665477	1	2
28.2752	16	1	576	FullDelay	16.4239	1.64239e+07	6	2
28.2989	16	1	48	LastDelay	0.233225	233225	1	2
28.2989	16	1	48	FullDelay	26.5189	2.65189e+07	26	2
28.2989	17	1	48	LastDelay	0.738548	738548	1	2
28.2989	17	1	48	FullDelay	23.7301	2.37301e+07	17	2
28.5173	16	1	35	LastDelay	0.0368258	36825.8	1	2
28.5173	16	1	35	FullDelay	6.18934	6.18934e+06	5	2
28.6106	16	1	9	LastDelay	0.0270959	27095.9	1	2
28.6106	16	1	9	FullDelay	1.29045	1.29045e+06	4	2
29.0462	16	1	4	LastDelay	0.0454591	45459.1	1	2
29.0462	16	1	4	FullDelay	2.10218	2.10218e+06	9	2
29.1471	16	1	13	LastDelay	0.0582943	58294.3	1	2
29.1471	16	1	13	FullDelay	1.86588	1.86588e+06	5	2
29.3892	16	1	53	LastDelay	0.801168	801168	1	2
29.3892	16	1	53	FullDelay	17.6362	1.76362e+07	16	2
29.4172	16	1	60	LastDelay	0.195238	195238	1	2
29.4172	16	1	60	FullDelay	26.7645	2.67645e+07	20	2
29.6133	16	1	18	LastDelay	0.187002	187002	1	2
29.6133	16	1	18	FullDelay	13.4193	1.34193e+07	13	2
29.6826	16	1	54	LastDelay	0.553403	553403	1	2
29.6826	16	1	54	FullDelay	4.527	4.527e+06	3	2
29.8374	16	1	34	LastDelay	0.41426	414260	1	2
29.8374	16	1	34	FullDelay	3.21716	3.21716e+06	6	2
29.9162	16	1	1	LastDelay	0.0616849	61684.9	1	2
29.9162	16	1	1	FullDelay	4.17868	4.17868e+06	41	2
29.9162	17	1	1	LastDelay	0.0708007	70800.7	1	2
29.9162	17	1	1	FullDelay	8.75302	8.75302e+06	19	2
29.9879	16	1	9	LastDelay	0.218344	218344	1	2
29.9879	16	1	9	FullDelay	0.218344	218344	1	2
29.9879	17	1	9	LastDelay	0.136243	136243	1	2
29.9879	17	1	9	FullDelay	13.2658	1.32658e+07	12	2
30.1631	16	1	7	LastDelay	0.14688	146880	1	2
30.1631	16	1	7	FullDelay	2.66506	2.66506e+06	5	2
30.2447	16	1	72	LastDelay	0.0775031	77503.1	1	2
30.2447	16	1	72	FullDelay	22.2358	2.22358e+07	11	2
30.2447	17	1	72	LastDelay	0.19855	198550	1	2
30.2447	17	1	72	FullDelay	22.7833	2.27833e+07	12	2
30.2574	16	1	120	LastDelay	0.662026	662026	1	2
30.2574	16	1	120	FullDelay	22.05	2.205e+07	12	2
30.2819	17	1	288	LastDelay	0.557196	557196	1	2
30.2819	17	1	288	FullDelay	29.2208	2.92208e+07	11	2
30.3261	16	1	19	LastDelay	0.278411	278411	1	2
30.3261	16	1	19	FullDelay	13.9087	1.39087e+07	12	2
30.3261	17	1	19	LastDelay	0.409958	409958	1	2
30.3261	17	1	19	FullDelay	17.7658	1.77658e+07	19	2
30.4314	17	1	414	LastDelay	0.00107365	1073.65	1	2
30.4314	17	1	414	FullDelay	0.649315	649315	2	2
30.4529	16	1	148	LastDelay	0.068131	68131	1	2
30.4529	16	1	148	FullDelay	21.4725	2.14725e+07	11	2
30.4529	17	1	148	LastDelay	0.53577	535770	1	2
30.4529	17	1	148	FullDelay	17.8868	1.78868e+07	12	2
30.5056	16	1	21	LastDelay	0.45676	456760	1	2
30.5056	16	1	21	FullDelay	8.54142	8.54142e+06	13	2
30.5056	17	1	21	LastDelay	0.320362	320362	1	2
30.5056	17	1	21	FullDelay	6.67867	6.67867e+06	5	2
30.8613	16	1	1	LastDelay	0.879485	879485	1	2
30.8613	16	1	1	FullDelay	0.879485	879485	1	2
30.8613	17	1	1	LastDelay	0.107375	107375	1	2
30.8613	17	1	1	FullDelay	0.910193	910193	19	2
31.3098	17	1	5	LastDelay	0.159068	159068	1	2
31.3098	17	1	5	FullDelay	15.4036	1.54036e+07	26	2
31.3553	17	1	2	LastDelay	0.502518	502518	1	2
31.3553	17	1	2	FullDelay	12.1065	1.21065e+07	25	2
31.4874	17	1	73	LastDelay	0.0401768	40176.8	1	2
31.4874	17	1	73	FullDelay	15.8072	1.58072e+07	10	2
31.751	17	1	5	LastDelay	0.30243	302430	1	2
31.751	17	1	5	FullDelay	0.30243	302430	1	2
31.9186	17	1	4	LastDelay	0.107804	107804	1	2
31.9186	17	1	4	FullDelay	10.666	1.0666e+07	19	2
31.9637	17	1	9	LastDelay	0.137423	137423	1	2
31.9637	17	1	9	FullDelay	1.62273	1.62273e+06	2	2
32.0205	17	1	53	LastDelay	0.0297262	29726.2	1	2
32.0205	17	1	53	FullDelay	10.8931	1.08931e+07	6	2
32.0557	16	1	500	LastDelay	0.649006	649006	1	2
32.0557	16	1	500	FullDelay	15.7028	1.57028e+07	6	2
32.1166	17	1	15	LastDelay	0.270485	270485	1	2
32.1166	17	1	15	FullDelay	20.2188	2.02188e+07	20	2
32.1763	17	1	23	LastDelay	0.317732	317732	1	2
32.1763	17	1	23	FullDelay	30.6556	3.06556e+07	40	2
32.1993	17	1	25	LastDelay	0.335715	335715	1	2
32.1993	17	1	25	FullDelay	1.77704	1.77704e+06	4	2
32.2379	17	1	116	LastDelay	0.0281217	28121.7	1	2
32.2379	17	1	116	FullDelay	20.1142	2.01142e+07	10	2
32.2599	17	1	38	LastDelay	0.342738	342738	1	2
32.2599	17	1	38	FullDelay	16.0447	1.60447e+07	9	2
32.2728	17	1	36	LastDelay	0.367999	367999	1	2
32.2728	17	1	36	FullDelay	25.1657	2.51657e+07	18	2
32.3529	17	1	62	LastDelay	0.338664	338664	1	2
32.3529	17	1	62	FullDelay	30.5368	3.05368e+07	19	2
32.405	17	1	81	LastDelay	0.320349	320349	1	2
32.405	17	1	81	FullDelay	31.1339	3.11339e+07	23	2
32.5406	17	1	141	LastDelay	0.284802	284802	1	2
32.5406	17	1	141	FullDelay	30.4215	3.04215e+07	18	2
32.6326	17	1	196	LastDelay	0.234546	234546	1	2
32.6326	17	1	196	FullDelay	22.4332	2.24332e+07	9	2
33.325	16	1	5	LastDelay	0.554732	554732	1	2
33.325	16	1	5	FullDelay	13.8475	1.38475e+07	28	2
33.3815	16	1	15	LastDelay	0.230272	230272	1	2
33.3815	16	1	15	FullDelay	22.1951	2.21951e+07	25	2
33.4055	16	1	3	LastDelay	0.00511473	5114.73	1	2
33.4055	16	1	3	FullDelay	6.17122	6.17122e+06	27	2
33.4739	17	1	301	LastDelay	0.705889	705889	1	2
33.4739	17	1	301	FullDelay	3.78531	3.78531e+06	3	2
33.5358	16	1	11	LastDelay	0.318309	318309	1	2
33.5358	16	1	11	FullDelay	11.5896	1.15896e+07	14	2
33.6274	16	1	7	LastDelay	0.453449	453449	1	2
33.6274	16	1	7	FullDelay	0.453449	453449	1	2
33.687	16	1	23	LastDelay	0.0566594	56659.4	1	2
33.687	16	1	23	FullDelay	31.1568	3.11568e+07	28	2
33.7321	16	1	35	LastDelay	0.00476448	4764.48	1	2
33.7321	16	1	35	FullDelay	5.14916	5.14916e+06	8	2
33.7465	16	1	36	LastDelay	0.0166144	16614.4	1	2
33.7465	16	1	36	FullDelay	31.5847	3.15847e+07	24	2
33.7597	16	1	38	LastDelay	0.0258666	25866.6	1	2
33.7597	16	1	38	FullDelay	11.6542	1.16542e+07	13	2
33.8077	17	1	364	LastDelay	0.821665	821665	1	2
33.8077	17	1	364	FullDelay	22.8148	2.28148e+07	10	2
33.9361	16	1	90	LastDelay	0.0203887	20388.7	1	2
33.9361	16	1	90	FullDelay	11.4117	1.14117e+07	6	2
34.1091	16	1	137	LastDelay	0.0701857	70185.7	1	2
34.1091	16	1	137	FullDelay	32.9387	3.29387e+07	17	2
34.3047	16	1	197	LastDelay	0.0922999	92299.9	1	10
34.3047	16	1	197	FullDelay	31.2685	3.12685e+07	15	10
34.3811	16	1	70	LastDelay	0.527399	527399	1	12
34.3811	16	1	70	FullDelay	29.6551	2.96551e+07	22	12
34.4867	16	1	99	LastDelay	0.539341	539341	1	10
34.4867	16	1	99	FullDelay	33.2684	3.32684e+07	23	10
34.5034	16	1	205	LastDelay	0.270156	270156	1	2
34.5034	16	1	205	FullDelay	9.01302	9.01302e+06	3	2
34.5293	16	1	101	LastDelay	0.567831	567831	1	10
34.5293	16	1	101	FullDelay	33.2177	3.32177e+07	16	10
34.5725	16	1	203	LastDelay	0.349085	349085	1	2
34.5725	16	1	203	FullDelay	33.2787	3.32787e+07	15	2
34.6097	16	1	96	LastDelay	0.675942	675942	1	2
34.6097	16	1	96	FullDelay	32.3054	3.23054e+07	16	2
34.7649	16	1	370	LastDelay	0.0519373	51937.3	1	2
34.7649	16	1	370	FullDelay	33.0293	3.30293e+07	12	2
34.8486	16	1	95	LastDelay	0.91838	918380	1	2
34.8486	16	1	95	FullDelay	32.0917	3.20917e+07	16	2
34.9739	17	1	1	LastDelay	0.0196712	19671.2	1	2
34.9739	17	1	1	FullDelay	4.06807	4.06807e+06	15	2
35.0015	16	1	455	LastDelay	0.0453272	45327.2	1	2
35.0015	16	1	455	FullDelay	30.3168	3.03168e+07	9	2
35.1355	16	1	191	LastDelay	0.934552	934552	1	2
35.1355	16	1	191	FullDelay	29.345	2.9345e+07	11	2
35.2308	16	1	520	LastDelay	0.102397	102397	1	2
35.2308	16	1	520	FullDelay	6.82673	6.82673e+06	3	2
35.2468	17	1	3	LastDelay	0.0173245	17324.5	1	2
35.2468	17	1	3	FullDelay	14.0898	1.40898e+07	25	2
35.4024	17	1	2	LastDelay	0.0236742	23674.2	1	2
35.4024	17	1	2	FullDelay	4.03469	4.03469e+06	10	2
35.4581	17	1	20	LastDelay	0.132727	132727	1	2
35.4581	17	1	20	FullDelay	32.3837	3.23837e+07	37	2
35.5987	17	1	3	LastDelay	0.108773	108773	1	2
35.5987	17	1	3	FullDelay	0.108773	108773	1	2
35.757	17	1	12	LastDelay	0.144192	144192	1	2
35.757	17	1	12	FullDelay	11.6599	1.16599e+07	13	2
35.8432	17	1	7	LastDelay	0.233946	233946	1	2
35.8432	17	1	7	FullDelay	5.2731	5.2731e+06	11	2
35.9928	17	1	43	LastDelay	0.277273	277273	1	2
35.9928	17	1	43	FullDelay	28.6998	2.86998e+07	19	2
36.0198	17	1	54	LastDelay	0.277546	277546	1	2
36.0198	17	1	54	FullDelay	20.1386	2.01386e+07	10	2
36.4686	17	1	232	LastDelay	0.15656	156560	1	2
36.4686	17	1	232	FullDelay	31.9496	3.19496e+07	16	2
36.5449	17	1	277	LastDelay	0.0718731	71873.1	1	2
36.5449	17	1	277	FullDelay	6.66656	6.66656e+06	4	2
